Ps: 383.9298163754784 0.0 322.81111219908314 0.0 0.0 382.9589851049001 250.9729552053214 0.0 0.0 0.0 1.0 0.0
T_OS: 0.9999346552051229 0.003477624535771754 -0.010889970036688295 -0.060649229060416594 0.003587143302461965 -0.9999430279821171 0.010053516443599904 -0.012837544242408117 -0.010854387257665576 -0.01009192338171122 -0.999890161647627 -0.020492606896077407
T_CM: -0.01507104171318285 0.005988709007546782 0.9998684908857283 0.05666674638032021 0.9998528146297833 -0.008108860850700655 0.015119373419753048 0.01100640924886362 0.00819833998937974 0.9999491895792147 -0.005865618577067036 0.11440342483060817
T_LV: 0.9998581316050806 -0.0002258196228773494 -0.016842377168758943 -0.010514839241742317 -0.00017111407692153792 -0.999994705851753 0.0032494597148797887 -0.008989784841758377 -0.016843021794484745 -0.003246116751423288 -0.9998528768488223 0.03735646863833463